$ANSIBLE_VAULT;1.1;AES256
38393163613964663462623232386131356162653562346231303537653664656562346239363266
3662393165656465306534653561663262306466636665390a666130383362373034626264316337
35633961353835366431313966393031656565616633343538333430623630613566653866383461
3965396565393464370a323032323731323965396332396666343839656338613236353839313163
38613638353961663634633336356432383761343162383536313831333032366133613931303037
37313235663433616331343161623935323337396330613434393665663566663932373462353164
36366664383166393366633130653438303238633461643166323631343932626664303530373737
64363763303135333962643362656234373339396632303238366335643835313162656565386363
35643562633337623433373839316634366239323734356538613564646665363135653131313765
33383266613938343764616236613064646439613363633064393634393763613733346635383332
62396164656361373461383636393035653365386133373437383135613061363336636336363562
65633463313036356439323730363964623434653132343039323066643733613637373733333535
62646436366635333137626637643437353239383431343531666563333031366361326461656161
37363936323437333833366164343339363161323964616565303862653331613737383734353933
61373333363264633632366162666638326465313732386131313239383962343064626536373663
39333830323438663134656532613430356263366235303834316530663662333631613331313037
65323437393862313437393461333034316435316631613832336334373939643764643835386233
39313938326636356638303461393966336464396638613265306534613731656566336333333030
37313765353765376539386461313736666336333332376261353266626664393733396335323330
33393935353264363566316164383831366636353732643732393232356266333965376166383438
39646534353637643436633133613234633132623034396230376431643336323262333461353836
36343431313136616439656365343663343261633337366165636434353033343236633335336637
38313763373030303365616534363130633137653534643062656265666135333336396331633738
33623263323064646233
